k = zeros(3,1);

k(1) = 10;
k(2) = 100;
k(3) = 1e-5;

stoich_matrix = [-1 -1 1 0 0;
    1 1 -1 0 0;
    0 0 -1 -1 1];